tf_relations:
  - average_transform:
      translation:
        x: -0.126153
        y: 0.103064
        z: 0
      rotation:
        x: 0
        y: 0
        z: -0.0613481
        w: 0.998116
